xJ = [0.7355673855273345, 0.5004104357458405, 0.05567004483813365, 0.8519666529209171]
xR = [1.471134771054669, 1.000820871491681, 0.1113400896762673, 1.7039333058418342]
