xJ = [0.6179782861838916, 0.9737727428858336, 0.08927405516694165, 0.6384494609399907]
xR = [1.2359565723677832, 1.9475454857716672, 0.1785481103338833, 1.2768989218799813]
