xJ = [0.9771824605829211, 0.13732142948039017, 0.6425215751818993, 0.7097065568229028]
xR = [1.9543649211658423, 0.27464285896078033, 1.2850431503637987, 1.4194131136458057]
