xJ = [0.3294147954514757, 0.3995273907473267, 0.8467418892797882, 0.6697317935024405]
xR = [0.6588295909029513, 0.7990547814946534, 1.6934837785595764, 1.339463587004881]
