xJ = [0.8941245700085283, 0.6737252403882901, 0.6432665206767711, 0.3254346480388588]
xR = [1.7882491400170566, 1.3474504807765801, 1.2865330413535423, 0.6508692960777176]
