xJ = [0.03569093648671151, 0.01914190647465097, 0.7834240212035322, 0.9462799093498675]
xR = [0.07138187297342302, 0.03828381294930194, 1.5668480424070643, 1.892559818699735]
