xJ = [0.10455613538680897, 0.18772387659627388, 0.5349213388514258, 0.07164383251607243]
xR = [0.20911227077361794, 0.37544775319254775, 1.0698426777028516, 0.14328766503214485]
