xJ = [0.5192556189075352, 0.012710573176771378, 0.36904432398747566, 0.5741034211568907]
xR = [1.0385112378150705, 0.025421146353542756, 0.7380886479749513, 1.1482068423137815]
