xJ = [0.13702608127640037, 0.22025028006386282, 0.34284105080031013, 0.7451033416188981]
xR = [0.27405216255280074, 0.44050056012772565, 0.6856821016006203, 1.4902066832377963]
