xJ = [0.6369122655953277, 0.015730896398212568, 0.9178512809977168, 0.5311506034461619]
xR = [1.2738245311906553, 0.031461792796425136, 1.8357025619954337, 1.0623012068923239]
