xJ = [0.5561684776500584, 0.017558084399193596, 0.032558328313128326, 0.6919680575891101]
xR = [1.1123369553001168, 0.03511616879838719, 0.06511665662625665, 1.3839361151782201]
