xJ = [0.15174913015493074, 0.44369103042843716, 0.8925384976435016, 0.8344150792052405]
xR = [0.3034982603098615, 0.8873820608568743, 1.7850769952870031, 1.668830158410481]
