xJ = [0.4588819303372149, 0.11003032480019792, 0.4489506024051104, 0.06889223403011857]
xR = [0.9177638606744298, 0.22006064960039584, 0.8979012048102208, 0.13778446806023714]
