xJ = [0.034878331606312374, 0.26756584890359103, 0.596170423324907]
xR = [0.06975666321262475, 0.5351316978071821, 1.192340846649814]
