xJ = [0.34662178028613955, 0.42381617718457143, 0.37941060429641205]
xR = [0.6932435605722791, 0.8476323543691429, 0.7588212085928241]
