xJ = [0.08469151151348853, 0.931223534375073, 0.8050996762410787, 0.7752477978705024]
xR = [0.16938302302697705, 1.862447068750146, 1.6101993524821574, 1.5504955957410047]
