xJ = [0.01563247034193238, 0.18710141017815152, 0.12489524513051342, 0.12194324978593007]
xR = [0.03126494068386476, 0.37420282035630303, 0.24979049026102684, 0.24388649957186015]
