xJ = [0.9642806518523817, 0.7411129261489475, 0.853104767560978, 0.21783810162841477]
xR = [1.9285613037047633, 1.482225852297895, 1.706209535121956, 0.43567620325682954]
