xJ = [0.31278733207693965, 0.2585112161368248, 0.21644117139919516, 0.2565729572088218]
xR = [0.6255746641538793, 0.5170224322736496, 0.43288234279839033, 0.5131459144176436]
