xJ = [0.0481113782118574, 0.3601950817319288, 0.06292519979423483, 0.3870615009040843]
xR = [0.0962227564237148, 0.7203901634638576, 0.12585039958846966, 0.7741230018081686]
