xJ = [0.27444962344521695, 0.7088581886294608, 0.15010754621796785, 0.8238744797798782]
xR = [0.5488992468904339, 1.4177163772589216, 0.3002150924359357, 1.6477489595597563]
