xJ = [0.05234072693188385, 0.9265085360186776, 0.4653806802013163, 0.6133190360181822]
xR = [0.1046814538637677, 1.853017072037355, 0.9307613604026326, 1.2266380720363643]
