xJ = [0.5305456113672549, 0.44337354888359237, 0.42326234278828756, 0.6227322897235719]
xR = [1.0610912227345097, 0.8867470977671847, 0.8465246855765751, 1.2454645794471437]
