xJ = [0.28694151068378226, 0.8278481206195307, 0.9985172419568098, 0.19516279944425707]
xR = [0.5738830213675645, 1.6556962412390615, 1.9970344839136196, 0.39032559888851415]
