xJ = [0.7804504125487337, 0.11009394324145627, 0.7746387102285546, 0.07555863826057196]
xR = [1.5609008250974674, 0.22018788648291254, 1.5492774204571091, 0.15111727652114393]
