xJ = [0.6909516259763473, 0.2054420543818256, 0.43184559010467116, 0.2927228834840483]
xR = [1.3819032519526946, 0.4108841087636512, 0.8636911802093423, 0.5854457669680966]
