xJ = [0.6541012627151365, 0.4728856378892098, 0.835944988489826, 0.1939726184732048]
xR = [1.308202525430273, 0.9457712757784196, 1.671889976979652, 0.3879452369464096]
