xJ = [0.6428275575981868, 0.2874020758162975, 0.8987482538935361, 0.7118970158866093]
xR = [1.2856551151963735, 0.574804151632595, 1.7974965077870722, 1.4237940317732185]
