xJ = [0.37893307674721477, 0.06436591901559119, 0.4315020659388713, 0.8212650266461303]
xR = [0.7578661534944295, 0.12873183803118238, 0.8630041318777426, 1.6425300532922607]
