xJ = [0.951808955797081, 0.33373556911254787, 0.3426155120174166, 0.20658919050216729]
xR = [1.903617911594162, 0.6674711382250957, 0.6852310240348332, 0.41317838100433457]
