xJ = [0.25205127933865334, 0.27773189962064393, 0.233333350886882, 0.3180284219951077]
xR = [0.5041025586773067, 0.5554637992412879, 0.466666701773764, 0.6360568439902154]
