xJ = [0.3238858319155067, 0.36139190209249983, 0.38971008077333935, 0.36300146608057826]
xR = [0.6477716638310134, 0.7227838041849997, 0.7794201615466787, 0.7260029321611565]
