xJ = [0.5468185101903267, 0.03715317463845769, 0.08935692001539985, 0.2909761864795455]
xR = [1.0936370203806534, 0.07430634927691537, 0.1787138400307997, 0.581952372959091]
