xJ = [0.7652569663603601, 0.437338692399762, 0.34410542685906864, 0.35477916308612767]
xR = [1.5305139327207202, 0.874677384799524, 0.6882108537181373, 0.7095583261722553]
