xJ = [0.3527633545409592, 0.06603688577230704, 0.47215162359488283, 0.04656642562010638]
xR = [0.7055267090819184, 0.13207377154461408, 0.9443032471897657, 0.09313285124021276]
