xJ = [0.11993779179888575, 0.7756964178427548, 0.8504180793965757, 0.32180957109765873]
xR = [0.2398755835977715, 1.5513928356855096, 1.7008361587931513, 0.6436191421953175]
