xJ = [0.7986773788169255, 0.5122901517736744, 0.9255962445972801, 0.5607558566300455]
xR = [1.597354757633851, 1.0245803035473489, 1.8511924891945601, 1.121511713260091]
