xJ = [0.8126281286388031, 0.826756124533647, 0.972026607523502, 0.5753679403623468]
xR = [1.6252562572776061, 1.653512249067294, 1.944053215047004, 1.1507358807246937]
