xJ = [0.17833287872879122, 0.09737390802753643, 0.5305900837469197, 0.8517275943058504]
xR = [0.35666575745758244, 0.19474781605507285, 1.0611801674938395, 1.7034551886117009]
