xJ = [0.7193299557995636, 0.5917296526447722, 0.11881400443144874, 0.3375917251937022]
xR = [1.4386599115991272, 1.1834593052895443, 0.23762800886289748, 0.6751834503874043]
