xJ = [0.7699890800687588, 0.7755389236000644, 0.24034788044812505, 0.28072832607138754]
xR = [1.5399781601375175, 1.5510778472001288, 0.4806957608962501, 0.5614566521427751]
