xJ = [0.5378397320408268, 0.1759918488692962, 0.2974509244196768, 0.8917272328888053]
xR = [1.0756794640816536, 0.3519836977385924, 0.5949018488393536, 1.7834544657776106]
