xJ = [0.8441086781771405, 0.3492447507844261, 0.22061744098068026, 0.17302446681702843]
xR = [1.688217356354281, 0.6984895015688521, 0.4412348819613605, 0.34604893363405687]
