xJ = [0.7651552107893294, 0.6820414182656807, 0.9206145592637642, 0.3527722313370987]
xR = [1.5303104215786587, 1.3640828365313613, 1.8412291185275285, 0.7055444626741973]
