xJ = [0.6114937114991357, 0.22734114248948822, 0.3521651384971498, 0.6157588929617046]
xR = [1.2229874229982713, 0.45468228497897645, 0.7043302769942996, 1.2315177859234092]
