xJ = [0.22642480122060638, 0.22822222394279545, 0.2948030778268028, 0.8897042871208789]
xR = [0.45284960244121275, 0.4564444478855909, 0.5896061556536056, 1.7794085742417578]
