xJ = [0.04976881783099685, 0.4940796880141972, 0.17519880846852032, 0.8132110505779166]
xR = [0.0995376356619937, 0.9881593760283944, 0.35039761693704063, 1.6264221011558333]
