xJ = [0.7133925715532679, 0.17925688696443576, 0.23653070733870374, 0.1962801220170085]
xR = [1.4267851431065357, 0.3585137739288715, 0.4730614146774075, 0.392560244034017]
