xJ = [0.39618193853312733, 0.06897575384987675, 0.18422324777735133, 0.6475191867667822]
xR = [0.7923638770662547, 0.1379515076997535, 0.36844649555470266, 1.2950383735335644]
