xJ = [0.25330664461349395, 0.20732919415186202, 0.08710519377060577, 0.9017373380218321]
xR = [0.5066132892269879, 0.41465838830372403, 0.17421038754121154, 1.8034746760436642]
