xJ = [0.5358807988170973, 0.20272696827058612, 0.22710294560830646, 0.03086826943269294]
xR = [1.0717615976341945, 0.40545393654117223, 0.4542058912166129, 0.06173653886538588]
