xJ = [0.5422513418028767, 0.07669956624575058, 0.07869286869641101, 0.6609140024328408]
xR = [1.0845026836057534, 0.15339913249150117, 0.15738573739282202, 1.3218280048656816]
