xJ = [0.767501603475951, 0.40023138634371924, 0.6622456098808533, 0.055114045932908695]
xR = [1.535003206951902, 0.8004627726874385, 1.3244912197617067, 0.11022809186581739]
