xJ = [0.4769138197066496, 0.38472303259509566, 0.7029004989102547, 0.06437109104809635]
xR = [0.9538276394132992, 0.7694460651901913, 1.4058009978205095, 0.1287421820961927]
