xJ = [0.16966898038234035, 0.7155550963536508, 0.4384711873853382, 0.1173260103382987]
xR = [0.3393379607646807, 1.4311101927073016, 0.8769423747706764, 0.2346520206765974]
