xJ = [0.7288323270997892, 0.6606943859323162, 0.7280574233348736, 0.6218921045876964]
xR = [1.4576646541995784, 1.3213887718646324, 1.456114846669747, 1.2437842091753928]
