xJ = [0.13261131865960651, 0.2564478574103475, 0.27264627642169015, 0.3306042709054742]
xR = [0.26522263731921303, 0.512895714820695, 0.5452925528433803, 0.6612085418109483]
