xJ = [0.21807976590956257, 0.3469285602102291, 0.3419536182151628, 0.23599390104954998]
xR = [0.43615953181912515, 0.6938571204204582, 0.6839072364303256, 0.47198780209909996]
