xJ = [0.3618435521868013, 0.3529209395587567, 0.759073994143983, 0.687687746869224]
xR = [0.7236871043736026, 0.7058418791175134, 1.518147988287966, 1.375375493738448]
