xJ = [0.20950374565170216, 0.667598024892486, 0.8831360815724634, 0.21076075541451122]
xR = [0.4190074913034043, 1.335196049784972, 1.7662721631449267, 0.42152151082902245]
