xJ = [0.811112379399882, 0.8513192589311143, 0.11174320173095853, 0.7072539761672931]
xR = [1.622224758799764, 1.7026385178622285, 0.22348640346191706, 1.4145079523345863]
