xJ = [0.8077647708701252, 0.019484660684483623, 0.5864008565097358, 0.8636073943239257]
xR = [1.6155295417402504, 0.03896932136896725, 1.1728017130194717, 1.7272147886478515]
