xJ = [0.1975819723393073, 0.8066046469011915, 0.6663133579523977, 0.14069267780375994]
xR = [0.3951639446786146, 1.613209293802383, 1.3326267159047953, 0.28138535560751987]
