xJ = [0.9496780648237981, 0.7431212296204306, 0.21140339330093028, 0.27652358354706785]
xR = [1.8993561296475963, 1.4862424592408612, 0.42280678660186055, 0.5530471670941357]
