xJ = [0.11226954725641236, 0.6454133573880245, 0.2443440942227666, 0.1570053644938476]
xR = [0.22453909451282472, 1.290826714776049, 0.4886881884455332, 0.3140107289876952]
