xJ = [0.814579074609654, 0.5620049683600492, 0.5554187003178572, 0.6535546200559743]
xR = [1.629158149219308, 1.1240099367200984, 1.1108374006357145, 1.3071092401119486]
