xJ = [0.805374089038861, 0.45777283768767707, 0.800041803335092, 0.3042012411284116]
xR = [1.610748178077722, 0.9155456753753541, 1.600083606670184, 0.6084024822568233]
