xJ = [0.49703777893025736, 0.98961182036488, 0.954826443647296, 0.46876437960481665]
xR = [0.9940755578605147, 1.97922364072976, 1.909652887294592, 0.9375287592096333]
