xJ = [0.9273247925090233, 0.8556492371299371, 0.31310633832232027, 0.1427474597879732]
xR = [1.8546495850180467, 1.7112984742598742, 0.6262126766446405, 0.2854949195759464]
