xJ = [0.6791072064586086, 0.29572995573228766, 0.7649701996558949]
xR = [1.3582144129172171, 0.5914599114645753, 1.5299403993117897]
