xJ = [0.0483917647311376, 0.11022777790881477, 0.6257137734753226]
xR = [0.0967835294622752, 0.22045555581762954, 1.2514275469506453]
