xJ = [0.8038636561065222, 0.6474014491693441, 0.2644941376121759, 0.46668548564818657]
xR = [1.6077273122130444, 1.2948028983386881, 0.5289882752243518, 0.9333709712963731]
