xJ = [0.2718564574600497, 0.6404800475950028, 0.8847030933772868, 0.4041766440611205]
xR = [0.5437129149200994, 1.2809600951900055, 1.7694061867545736, 0.808353288122241]
