xJ = [0.5304923331693853, 0.7085079312785452, 0.7805881582947933, 0.27422448983693737]
xR = [1.0609846663387705, 1.4170158625570903, 1.5611763165895867, 0.5484489796738747]
