xJ = [0.22758104618419628, 0.6484964951954768, 0.9509131692518715, 0.2279227885061914]
xR = [0.45516209236839256, 1.2969929903909536, 1.901826338503743, 0.4558455770123828]
