xJ = [0.6945785912345266, 0.043711316842217185, 0.29853556903455103]
xR = [1.3891571824690532, 0.08742263368443437, 0.5970711380691021]
