xJ = [0.1619429850789864, 0.6861373903783523, 0.5845859148007551]
xR = [0.3238859701579728, 1.3722747807567046, 1.1691718296015101]
