xJ = [0.17512669272217862, 0.2588269775665464, 0.7645557308567053, 0.41405138326789115]
xR = [0.35025338544435725, 0.5176539551330928, 1.5291114617134105, 0.8281027665357823]
